colsample_bytree: 0.7189800000552238
learning_rate: 0.091562432266595
max_depth: 3
reg_alpha: 0.6907257921071931
reg_lambda: 0.4957511951802729
subsample: 0.7801111427268433
