colsample_bytree: 0.6878947571375504
learning_rate: 0.057638279911825165
max_depth: 10
reg_alpha: 0.3616347279431989
reg_lambda: 3.7508610688195563
subsample: 0.7055552439748395
