colsample_bytree: 0.7221486661559761
learning_rate: 0.04523302397623305
max_depth: 9
reg_alpha: 0.3446023141417169
reg_lambda: 1.539586589208122
subsample: 0.6860839213368612
