colsample_bytree: 0.7214660805579338
learning_rate: 0.07239840916545037
max_depth: 6
reg_alpha: 0.32516077439974955
reg_lambda: 1.022131537206776
subsample: 0.8163722957135152
