colsample_bytree: 0.6944347434394429
learning_rate: 0.06665483951029769
max_depth: 7
reg_alpha: 0.8526596369743275
reg_lambda: 1.6615049418386025
subsample: 0.8948295112294031
