colsample_bytree: 0.9603925886576725
learning_rate: 0.07565334484092713
max_depth: 4
reg_alpha: 0.9356040266879618
reg_lambda: 1.9287571838757267
subsample: 0.7263251195192714
