colsample_bytree: 0.8633593080771949
learning_rate: 0.05700236486103735
max_depth: 4
reg_alpha: 0.6909233915132398
reg_lambda: 1.7839303390333456
subsample: 0.9770809985167307
