colsample_bytree: 0.894223333856434
learning_rate: 0.0755824906747429
max_depth: 6
reg_alpha: 0.5633160658199857
reg_lambda: 2.0947154795296754
subsample: 0.9332204999914893
