colsample_bytree: 0.9369976050783481
learning_rate: 0.047842807146245836
max_depth: 6
reg_alpha: 0.1849184574768465
reg_lambda: 3.925814245558586
subsample: 0.7375608745723956
