colsample_bytree: 0.7571216738715336
learning_rate: 0.07253190326776096
max_depth: 6
reg_alpha: 0.42967285845984426
reg_lambda: 3.374791847155405
subsample: 0.9069543865007483
