colsample_bytree: 0.8046272441565518
learning_rate: 0.062181376800964555
max_depth: 4
reg_alpha: 0.7348257302851244
reg_lambda: 3.962800604756338
subsample: 0.8091880367792166
