colsample_bytree: 0.7949217201072841
learning_rate: 0.09058441872164806
max_depth: 7
reg_alpha: 0.8535528713935602
reg_lambda: 2.710722514712681
subsample: 0.7378787633172245
